﻿date,observed_new_acute_care,observed_new_ICU,observed_new_ICU_p_acute_care,observed_new_vents,observed_census_acute_care,observed_census_ICU,observed_census_ICU_p_acute_care,observed_census_vents,daily_discharges,observed_new_deaths,observed_cumulative_deaths,capacity_census_ICU_p_acute_care,capacity_census_acute_care,capacity_census_ICU,capacity_census_vents,capacity_new_ICU_p_acute_care,capacity_new_acute_care,capacity_new_ICU,capacity_new_vents
2020-03-24,,1,2,0,10,3,13,1,,1,1,,,,,,,,
2020-03-25,,1,1,1,10,4,14,2,,0,1,,,,,,,,
2020-03-26,,0,2,0,12,4,16,2,,0,1,,,,,,,,
2020-03-27,,0,0,0,12,3,15,2,,0,1,,,,,,,,
2020-03-28,,0,1,0,11,2,13,2,,1,2,,,,,,,,
2020-03-29,,0,2,0,13,2,15,2,,0,2,,,,,,,,
2020-03-30,,3,3,2,15,4,19,3,,1,3,,,,,,,,
2020-03-31,,2,4,2,17,6,23,5,,0,3,,,,,,,,
2020-04-01,,1,2,2,17,7,24,7,,0,3,,,,,,,,
2020-04-02,,0,3,0,18,7,25,7,,1,4,,,,,,,,
2020-04-03,,0,0,0,16,7,23,7,,0,4,,,,,,,,
2020-04-04,,0,5,0,19,7,26,7,,0,4,,,,,,,,
2020-04-05,,1,5,1,22,7,29,7,,2,6,,,,,,,,
2020-04-06,,0,4,0,23,7,30,7,,0,6,,,,,,,,
2020-04-07,,3,4,2,26,10,36,9,,1,7,,,,,,,,
2020-04-08,,2,2,2,27,12,39,11,,2,9,,,,,,,,
2020-04-09,,0,3,0,27,12,39,10,,0,9,,,,,,,,
2020-04-10,,0,2,1,29,12,41,11,,2,11,,,,,,,,
2020-04-11,,2,2,1,31,14,45,12,,0,11,,,,,,,,
2020-04-12,,0,1,0,32,13,45,12,,0,11,,,,,,,,
2020-04-13,,2,0,0,32,15,47,11,,1,12,,,,,,,,
2020-04-14,,1,2,0,32,14,46,7,,1,13,,,,,,,,
2020-04-15,,0,0,1,30,11,41,7,,1,14,,,,,,,,
2020-04-16,,0,3,0,31,9,40,6,,7,21,,,,,,,,
2020-04-17,,0,0,0,30,9,39,6,,1,22,,,,,,,,
2020-04-18,,0,0,0,30,9,39,4,,1,23,,,,,,,,
2020-04-19,,1,2,1,30,10,40,5,,2,25,,,,,,,,
2020-04-20,,0,2,0,31,9,40,4,,2,25,,,,,,,,
2020-04-21,,1,1,0,29,9,38,4,,7,32,,,,,,,,
2020-04-22,,1,4,1,30,7,37,4,,3,35,,,,,,,,
2020-04-23,,1,1,0,30,8,38,3,,7,42,,,,,,,,
2020-04-24,,0,2,1,28,6,34,4,,8,50,,,,,,,,
2020-04-25,,0,1,0,28,5,33,2,,2,52,,,,,,,,
2020-04-26,,0,1,0,29,5,34,1,,7,59,,,,,,,,
2020-04-27,,3,5,1,34,7,41,2,,12,71,,,,,,,,
2020-04-28,,1,2,2,35,8,43,4,,5,76,,,,,,,,
2020-04-29,,0,1,0,34,7,41,3,,0,76,,,,,,,,
2020-04-30,,0,1,0,32,6,38,2,,0,76,,,,,,,,
2020-05-01,,1,3,1,35,7,42,3,,2,78,,,,,,,,
2020-05-02,,0,2,0,35,7,42,3,,0,78,,,,,,,,
2020-05-03,,1,0,1,32,8,40,4,,35,127,,,,,,,,
2020-05-04,,0,2,0,29,4,33,2,,11,138,,,,,,,,
2020-05-05,,0,0,0,23,3,26,2,,1,139,,,,,,,,
2020-05-06,,1,0,0,22,4,26,2,,2,141,,,,,,,,
2020-05-07,,0,3,0,22,3,25,1,,7,148,,,,,,,,
2020-05-08,,0,1,0,21,3,24,1,,9,157,,,,,,,,
2020-05-09,,0,1,0,21,3,24,1,,4,161,,,,,,,,
2020-05-10,,0,0,0,21,3,24,1,,10,171,,,,,,,,
2020-05-11,,0,1,0,20,3,23,1,,7,178,,,,,,,,
2020-05-12,,0,3,1,23,3,26,2,,4,182,,,,,,,,
2020-05-13,,0,0,0,21,3,24,2,,3,185,,,,,,,,
2020-05-14,,0,2,0,21,2,23,2,,4,189,,,,,,,,
2020-05-15,,0,1,0,22,2,24,1,,5,194,,,,,,,,
2020-05-16,,0,1,0,23,2,25,1,,,,,,,,,,,
2020-05-17,,0,0,0,23,2,25,1,,,,,,,,,,,
2020-05-18,,0,0,0,22,2,24,1,,,,,,,,,,,
2020-05-19,,,,,,,,,,,,,,,,,,,
2020-05-20,,,,,,,,,,,,,,,,,,,
2020-05-21,,,,,,,,,,,,,,,,,,,
2020-05-22,,,,,,,,,,,,,,,,,,,
2020-05-23,,,,,,,,,,,,,,,,,,,
2020-05-24,,,,,,,,,,,,,,,,,,,
2020-05-25,,,,,,,,,,,,,,,,,,,
2020-05-26,,,,,,,,,,,,,,,,,,,
2020-05-27,,,,,,,,,,,,,,,,,,,
2020-05-28,,,,,,,,,,,,,,,,,,,
2020-05-29,,,,,,,,,,,,,,,,,,,
2020-05-30,,,,,,,,,,,,,,,,,,,
2020-05-31,,,,,,,,,,,,,,,,,,,
2020-06-01,,,,,,,,,,,,,,,,,,,
2020-06-02,,,,,,,,,,,,,,,,,,,
2020-06-03,,,,,,,,,,,,,,,,,,,
2020-06-04,,,,,,,,,,,,,,,,,,,
2020-06-05,,,,,,,,,,,,,,,,,,,
2020-06-06,,,,,,,,,,,,,,,,,,,
2020-06-07,,,,,,,,,,,,,,,,,,,
2020-06-08,,,,,,,,,,,,,,,,,,,
2020-06-09,,,,,,,,,,,,,,,,,,,
2020-06-10,,,,,,,,,,,,,,,,,,,
2020-06-11,,,,,,,,,,,,,,,,,,,
2020-06-12,,,,,,,,,,,,,,,,,,,
2020-06-13,,,,,,,,,,,,,,,,,,,
2020-06-14,,,,,,,,,,,,,,,,,,,
2020-06-15,,,,,,,,,,,,,,,,,,,
2020-06-16,,,,,,,,,,,,,,,,,,,
2020-06-17,,,,,,,,,,,,,,,,,,,
2020-06-18,,,,,,,,,,,,,,,,,,,
2020-06-19,,,,,,,,,,,,,,,,,,,
2020-06-20,,,,,,,,,,,,,,,,,,,
2020-06-21,,,,,,,,,,,,,,,,,,,
2020-06-22,,,,,,,,,,,,,,,,,,,
2020-06-23,,,,,,,,,,,,,,,,,,,
2020-06-24,,,,,,,,,,,,,,,,,,,
2020-06-25,,,,,,,,,,,,,,,,,,,
2020-06-26,,,,,,,,,,,,,,,,,,,
2020-06-27,,,,,,,,,,,,,,,,,,,
2020-06-28,,,,,,,,,,,,,,,,,,,
2020-06-29,,,,,,,,,,,,,,,,,,,
2020-06-30,,,,,,,,,,,,,,,,,,,
2020-07-01,,,,,,,,,,,,,,,,,,,
2020-07-02,,,,,,,,,,,,,,,,,,,
2020-07-03,,,,,,,,,,,,,,,,,,,
2020-07-04,,,,,,,,,,,,,,,,,,,
2020-07-05,,,,,,,,,,,,,,,,,,,
2020-07-06,,,,,,,,,,,,,,,,,,,
2020-07-07,,,,,,,,,,,,,,,,,,,
2020-07-08,,,,,,,,,,,,,,,,,,,
2020-07-09,,,,,,,,,,,,,,,,,,,
2020-07-10,,,,,,,,,,,,,,,,,,,
2020-07-11,,,,,,,,,,,,,,,,,,,
2020-07-12,,,,,,,,,,,,,,,,,,,
2020-07-13,,,,,,,,,,,,,,,,,,,
2020-07-14,,,,,,,,,,,,,,,,,,,
2020-07-15,,,,,,,,,,,,,,,,,,,
2020-07-16,,,,,,,,,,,,,,,,,,,
2020-07-17,,,,,,,,,,,,,,,,,,,
2020-07-18,,,,,,,,,,,,,,,,,,,
2020-07-19,,,,,,,,,,,,,,,,,,,
2020-07-20,,,,,,,,,,,,,,,,,,,
2020-07-21,,,,,,,,,,,,,,,,,,,
2020-07-22,,,,,,,,,,,,,,,,,,,
2020-07-23,,,,,,,,,,,,,,,,,,,
2020-07-24,,,,,,,,,,,,,,,,,,,
2020-07-25,,,,,,,,,,,,,,,,,,,
2020-07-26,,,,,,,,,,,,,,,,,,,
2020-07-27,,,,,,,,,,,,,,,,,,,
2020-07-28,,,,,,,,,,,,,,,,,,,
2020-07-29,,,,,,,,,,,,,,,,,,,
2020-07-30,,,,,,,,,,,,,,,,,,,
2020-07-31,,,,,,,,,,,,,,,,,,,
2020-08-01,,,,,,,,,,,,,,,,,,,
2020-08-02,,,,,,,,,,,,,,,,,,,
2020-08-03,,,,,,,,,,,,,,,,,,,
2020-08-04,,,,,,,,,,,,,,,,,,,
2020-08-05,,,,,,,,,,,,,,,,,,,
2020-08-06,,,,,,,,,,,,,,,,,,,
2020-08-07,,,,,,,,,,,,,,,,,,,
2020-08-08,,,,,,,,,,,,,,,,,,,
2020-08-09,,,,,,,,,,,,,,,,,,,
2020-08-10,,,,,,,,,,,,,,,,,,,
2020-08-11,,,,,,,,,,,,,,,,,,,
2020-08-12,,,,,,,,,,,,,,,,,,,
2020-08-13,,,,,,,,,,,,,,,,,,,
2020-08-14,,,,,,,,,,,,,,,,,,,
2020-08-15,,,,,,,,,,,,,,,,,,,
2020-08-16,,,,,,,,,,,,,,,,,,,
2020-08-17,,,,,,,,,,,,,,,,,,,
2020-08-18,,,,,,,,,,,,,,,,,,,
2020-08-19,,,,,,,,,,,,,,,,,,,
2020-08-20,,,,,,,,,,,,,,,,,,,
2020-08-21,,,,,,,,,,,,,,,,,,,
2020-08-22,,,,,,,,,,,,,,,,,,,
2020-08-23,,,,,,,,,,,,,,,,,,,
2020-08-24,,,,,,,,,,,,,,,,,,,
2020-08-25,,,,,,,,,,,,,,,,,,,
2020-08-26,,,,,,,,,,,,,,,,,,,
2020-08-27,,,,,,,,,,,,,,,,,,,
2020-08-28,,,,,,,,,,,,,,,,,,,
2020-08-29,,,,,,,,,,,,,,,,,,,
2020-08-30,,,,,,,,,,,,,,,,,,,
2020-08-31,,,,,,,,,,,,,,,,,,,
2020-09-01,,,,,,,,,,,,,,,,,,,
2020-09-02,,,,,,,,,,,,,,,,,,,
2020-09-03,,,,,,,,,,,,,,,,,,,
2020-09-04,,,,,,,,,,,,,,,,,,,
2020-09-05,,,,,,,,,,,,,,,,,,,
2020-09-06,,,,,,,,,,,,,,,,,,,
2020-09-07,,,,,,,,,,,,,,,,,,,
2020-09-08,,,,,,,,,,,,,,,,,,,
2020-09-09,,,,,,,,,,,,,,,,,,,
2020-09-10,,,,,,,,,,,,,,,,,,,
2020-09-11,,,,,,,,,,,,,,,,,,,
2020-09-12,,,,,,,,,,,,,,,,,,,
2020-09-13,,,,,,,,,,,,,,,,,,,
2020-09-14,,,,,,,,,,,,,,,,,,,
2020-09-15,,,,,,,,,,,,,,,,,,,
2020-09-16,,,,,,,,,,,,,,,,,,,
2020-09-17,,,,,,,,,,,,,,,,,,,
2020-09-18,,,,,,,,,,,,,,,,,,,
2020-09-19,,,,,,,,,,,,,,,,,,,
2020-09-20,,,,,,,,,,,,,,,,,,,
2020-09-21,,,,,,,,,,,,,,,,,,,
2020-09-22,,,,,,,,,,,,,,,,,,,
2020-09-23,,,,,,,,,,,,,,,,,,,
2020-09-24,,,,,,,,,,,,,,,,,,,
2020-09-25,,,,,,,,,,,,,,,,,,,
2020-09-26,,,,,,,,,,,,,,,,,,,
2020-09-27,,,,,,,,,,,,,,,,,,,
2020-09-28,,,,,,,,,,,,,,,,,,,
2020-09-29,,,,,,,,,,,,,,,,,,,
2020-09-30,,,,,,,,,,,,,,,,,,,
2020-10-01,,,,,,,,,,,,,,,,,,,
2020-10-02,,,,,,,,,,,,,,,,,,,
2020-10-03,,,,,,,,,,,,,,,,,,,
2020-10-04,,,,,,,,,,,,,,,,,,,
2020-10-05,,,,,,,,,,,,,,,,,,,
2020-10-06,,,,,,,,,,,,,,,,,,,
2020-10-07,,,,,,,,,,,,,,,,,,,
2020-10-08,,,,,,,,,,,,,,,,,,,
2020-10-09,,,,,,,,,,,,,,,,,,,
2020-10-10,,,,,,,,,,,,,,,,,,,
2020-10-11,,,,,,,,,,,,,,,,,,,
2020-10-12,,,,,,,,,,,,,,,,,,,
2020-10-13,,,,,,,,,,,,,,,,,,,
2020-10-14,,,,,,,,,,,,,,,,,,,
2020-10-15,,,,,,,,,,,,,,,,,,,
2020-10-16,,,,,,,,,,,,,,,,,,,